ala-ala-ala.pdb-> 451.2672119140625 0.0 292.9994812011719 339.8687744140625
ala-arg-ala.pdb-> 584.97509765625 0.0 472.64886474609375 377.7964782714844
ala-asn-ala.pdb-> 459.510498046875 0.0 328.466796875 379.8101806640625
ala-asp-ala.pdb-> 459.510498046875 0.0 292.9994812011719 389.1543273925781
ala-cys-ala.pdb-> 451.2672119140625 136.8477783203125 292.9994812011719 339.8687744140625
ala-gln-ala.pdb-> 486.35400390625 0.0 382.4559326171875 421.5838317871094
ala-glu-ala.pdb-> 486.35400390625 0.0 292.9994812011719 451.26507568359375
ala-gly-ala.pdb-> 432.45562744140625 0.0 292.9994812011719 339.8687744140625
ala-his-ala.pdb-> 495.2314147949219 0.0 367.87493896484375 339.8687744140625
ala-ile-ala.pdb-> 490.58135986328125 0.0 292.9994812011719 339.8687744140625
ala-leu-ala.pdb-> 504.5315246582031 0.0 292.9994812011719 339.8687744140625
ala-lys-ala.pdb-> 505.58837890625 0.0 391.5198059082031 339.8687744140625
ala-met-ala.pdb-> 515.3112182617188 136.8477783203125 292.9994812011719 339.8687744140625
ala-phe-ala.pdb-> 516.5794067382813 0.0 292.9994812011719 339.8687744140625
ala-pro-ala.pdb-> 465.8514404296875 0.0 292.40838623046875 308.72174072265625
ala-ser-ala.pdb-> 451.2672119140625 0.0 292.9994812011719 361.67169189453125
ala-thr-ala.pdb-> 473.67205810546875 0.0 292.9994812011719 361.30523681640625
ala-trp-ala.pdb-> 530.3181762695313 0.0 361.7666931152344 339.8687744140625
ala-tyr-ala.pdb-> 516.5794067382813 0.0 292.9994812011719 397.9487609863281
ala-val-ala.pdb-> 471.9811096191406 0.0 292.9994812011719 339.8687744140625
